00000000000000000000000000000000000000000000
00000000111100000000000001111000000000000000
00000000111100000000000001111000000000000000
00000000111100000000000001111000000000000000
00000000111100000000000001111000000000000000
00000000111100000000000001111000000000000000
00000000111100000000000001111000000000000000
00000000000000000000000000000000000000000000
00000000000000000000000000000000000000000000
0000snake00000000000000000000000000000000000
00000000000000000000000000000000000000000000
00000000000000000000000000000000000000000000
00000000111100000000000001111000000000000000
00000000111100000000000001111000000000000000
00000000111100000000000001111000000000000000
00000000111100000000000001111000000000000000
00000000111100000000000001111000000000000000
00000000111100000000000001111000000000000000
00000000111100000000000001111000000000000000
00000000000000000000000000000000000000000000
